1     0.00000000000       0.00000000000       0.00000000000    
2     1.00000000000       0.00000000000       0.00000000000    
3    0.250000000000       0.00000000000       0.00000000000    
4    0.500000000000       0.00000000000       0.00000000000    
5    0.750000000000       0.00000000000       0.00000000000    
6     1.00000000000      0.500000000000       0.00000000000    
7     1.00000000000      0.250000000000       0.00000000000    
8    0.500000000000      0.500000000000       0.00000000000    
9    0.750000000000      0.500000000000       0.00000000000    
10    0.500000000000       1.00000000000       0.00000000000    
11    0.500000000000      0.750000000000       0.00000000000    
12     0.00000000000       1.00000000000       0.00000000000    
13    0.250000000000       1.00000000000       0.00000000000    
14     0.00000000000      0.750000000000       0.00000000000    
15     0.00000000000      0.500000000000       0.00000000000    
16     0.00000000000      0.250000000000       0.00000000000    
17    0.246092489826      0.656185895741       0.00000000000    
18    0.656144143192      0.246273132313       0.00000000000    
19    0.214752743864      0.382586984475       0.00000000000    
20    0.382294716628      0.216017241276       0.00000000000    
21    0.168301270189      0.168301270189       0.00000000000    
22    0.851943114353      0.166024955726       0.00000000000    
23    0.165988827229      0.851951464862       0.00000000000    
24    0.851617451509      0.332459617608       0.00000000000    
25    0.332416263411      0.851627472121       0.00000000000    
