 1  UX     0.00000000      0.00000000    
 1  UY     0.00000000      0.00000000    
22  UX     0.00000000      0.00000000    
22  UY     0.00000000      0.00000000    
32  UX     0.00000000      0.00000000    
32  UY     0.00000000      0.00000000    
33  UX     0.00000000      0.00000000    
33  UY     0.00000000      0.00000000    
34  UX     0.00000000      0.00000000    
34  UY     0.00000000      0.00000000    
35  UX     0.00000000      0.00000000    
35  UY     0.00000000      0.00000000    
36  UX     0.00000000      0.00000000    
36  UY     0.00000000      0.00000000    
37  UX     0.00000000      0.00000000    
37  UY     0.00000000      0.00000000    
38  UX     0.00000000      0.00000000    
38  UY     0.00000000      0.00000000    
39  UX     0.00000000      0.00000000    
39  UY     0.00000000      0.00000000    
40  UX     0.00000000      0.00000000    
40  UY     0.00000000      0.00000000    

