0.000000000000000000e+00 0.000000000000000000e+00
1.000000000000000056e-01 0.000000000000000000e+00
1.000000000000000021e-02 0.000000000000000000e+00
2.000000000000000042e-02 0.000000000000000000e+00
2.999999999999999889e-02 0.000000000000000000e+00
4.000000000000000083e-02 0.000000000000000000e+00
5.000000000000000278e-02 0.000000000000000000e+00
5.999999999999999778e-02 0.000000000000000000e+00
7.000000000000000666e-02 0.000000000000000000e+00
8.000000000000000167e-02 0.000000000000000000e+00
8.999999999999999667e-02 0.000000000000000000e+00
1.000000000000000056e-01 1.000000000000000056e-01
1.000000000000000056e-01 1.000000000000000021e-02
1.000000000000000056e-01 2.000000000000000042e-02
1.000000000000000056e-01 2.999999999999999889e-02
1.000000000000000056e-01 4.000000000000000083e-02
1.000000000000000056e-01 5.000000000000000278e-02
1.000000000000000056e-01 5.999999999999999778e-02
1.000000000000000056e-01 7.000000000000000666e-02
1.000000000000000056e-01 8.000000000000000167e-02
1.000000000000000056e-01 8.999999999999999667e-02
0.000000000000000000e+00 1.000000000000000056e-01
8.999999999999999667e-02 1.000000000000000056e-01
8.000000000000000167e-02 1.000000000000000056e-01
7.000000000000000666e-02 1.000000000000000056e-01
5.999999999999999778e-02 1.000000000000000056e-01
5.000000000000000278e-02 1.000000000000000056e-01
4.000000000000000083e-02 1.000000000000000056e-01
2.999999999999999889e-02 1.000000000000000056e-01
2.000000000000000042e-02 1.000000000000000056e-01
1.000000000000000021e-02 1.000000000000000056e-01
0.000000000000000000e+00 8.999999999999999667e-02
0.000000000000000000e+00 8.000000000000000167e-02
0.000000000000000000e+00 7.000000000000000666e-02
0.000000000000000000e+00 5.999999999999999778e-02
0.000000000000000000e+00 5.000000000000000278e-02
0.000000000000000000e+00 4.000000000000000083e-02
0.000000000000000000e+00 2.999999999999999889e-02
0.000000000000000000e+00 2.000000000000000042e-02
0.000000000000000000e+00 1.000000000000000021e-02
5.000000000000000278e-02 5.999999999999999778e-02
4.000000000000000083e-02 5.000000000000000278e-02
4.741180954899999744e-02 5.965925826290000011e-02
4.499999999890000324e-02 5.866025403720000198e-02
4.292893218640000258e-02 5.707106781009999713e-02
4.133974596030000337e-02 5.499999999679999751e-02
4.034074173579999673e-02 5.258819044629999689e-02
5.999999999999999778e-02 5.000000000000000278e-02
5.965925826290000011e-02 5.258819045100000117e-02
5.866025403720000198e-02 5.500000000110000231e-02
5.707106781009999713e-02 5.707106781360000297e-02
5.499999999679999751e-02 5.866025403970000218e-02
5.258819044629999689e-02 5.965925826420000189e-02
5.000000000000000278e-02 4.000000000000000083e-02
5.258819045100000117e-02 4.034074173709999850e-02
5.500000000110000231e-02 4.133974596279999664e-02
5.707106781360000297e-02 4.292893218990000148e-02
5.866025403970000218e-02 4.500000000320000110e-02
5.965925826420000189e-02 4.741180955370000172e-02
4.034074173709999850e-02 4.741180954899999744e-02
4.133974596279999664e-02 4.499999999890000324e-02
4.292893218990000148e-02 4.292893218640000258e-02
4.500000000320000110e-02 4.133974596030000337e-02
4.741180955370000172e-02 4.034074173579999673e-02
6.194191589930000269e-02 4.842635071029999932e-02
6.111783259060000334e-02 4.539531061520000327e-02
5.953806028809999901e-02 4.268056965650000173e-02
5.733940399140000088e-02 4.042894654979999752e-02
5.460489406010000241e-02 3.886588722949999714e-02
5.155974860819999978e-02 3.814501612280000314e-02
4.842777489629999932e-02 3.809171705099999999e-02
4.542442806819999707e-02 3.894084288509999658e-02
4.266369855689999824e-02 4.043639616079999777e-02
4.040803720939999816e-02 4.264641019519999771e-02
3.879625592640000009e-02 4.535169349379999937e-02
3.801913388050000286e-02 4.839854376439999689e-02
3.806925120400000279e-02 5.156476976930000206e-02
3.892922572140000009e-02 5.458224019909999752e-02
4.044129455070000212e-02 5.734074691729999784e-02
4.270756088950000001e-02 5.949877258760000176e-02
4.541295665370000123e-02 6.108071475650000276e-02
4.843161450530000106e-02 6.192423533830000021e-02
5.157014744490000246e-02 6.190303428450000256e-02
5.457118997890000184e-02 6.103499815369999720e-02
5.732051279309999942e-02 5.953061819049999814e-02
5.951964473540000133e-02 5.729364608810000314e-02
6.112793992099999768e-02 5.460260522209999662e-02
6.196944824709999661e-02 5.157172944059999764e-02
6.399217278299999812e-02 4.623482136599999653e-02
6.444372804730000293e-02 4.998130214029999907e-02
6.260812752359999622e-02 4.272593216400000227e-02
6.023680351920000092e-02 3.975766766750000319e-02
5.727503196520000034e-02 3.737112851959999843e-02
5.374343893039999764e-02 3.606482727549999850e-02
5.000778399169999999e-02 3.561051980310000337e-02
4.623738512469999923e-02 3.595262676219999898e-02
4.280590027430000027e-02 3.748382964079999963e-02
3.971364026390000052e-02 3.971857035100000155e-02
3.729886985949999734e-02 4.267151458489999716e-02
3.582369012170000255e-02 4.621197342080000242e-02
3.537791827890000157e-02 5.000947440459999754e-02
3.596927404889999763e-02 5.374598071680000005e-02
3.746171110950000105e-02 5.722377016329999871e-02
3.979106818849999921e-02 6.016633150149999776e-02
4.278758495200000317e-02 6.245811855100000254e-02
4.625134660039999929e-02 6.397725406660000058e-02
4.998282546840000090e-02 6.442381071290000094e-02
5.373551082970000337e-02 6.397954559110000106e-02
5.721277836259999749e-02 6.247727855239999795e-02
6.019151445720000160e-02 6.012988241690000318e-02
6.252161350149999797e-02 5.717200001969999917e-02
6.404626387480000238e-02 5.376075069820000080e-02
6.617475981550000053e-02 4.326894690909999924e-02
6.722456233369999978e-02 4.762352641499999900e-02
6.748800514599999356e-02 5.227063421190000087e-02
6.390702700330000430e-02 3.933701159019999810e-02
6.072069163530000036e-02 3.602797940000000004e-02
5.671551737660000120e-02 3.396560482000000186e-02
5.233523048799999799e-02 3.278831306470000179e-02
4.774312590279999879e-02 3.262061854250000031e-02
4.348253282729999669e-02 3.386272354090000269e-02
3.949781797409999962e-02 3.611099280280000157e-02
3.612073649829999900e-02 3.916646184739999703e-02
3.305566635720000312e-02 4.300550877369999775e-02
3.239429642770000339e-02 4.783510550310000192e-02
3.266220164389999764e-02 5.233870887969999802e-02
3.381927679550000149e-02 5.664001866249999961e-02
3.611700267370000078e-02 6.053229577940000272e-02
3.931045857459999904e-02 6.373151604849999763e-02
4.329554969359999950e-02 6.611489898040000257e-02
4.763041964970000236e-02 6.714275918610000671e-02
5.223626840569999680e-02 6.733661315380000401e-02
5.664120687819999833e-02 6.611577732180000389e-02
6.058121831539999697e-02 6.371030344969999537e-02
6.384267798940000682e-02 6.037535292650000190e-02
6.614102196620000318e-02 5.650063085550000030e-02
3.199819718250000028e-02 3.815297395950000003e-02
3.559479344040000076e-02 3.456950155440000061e-02
6.810895704949999907e-02 3.933114014849999757e-02
7.017668131359999784e-02 4.419830243120000113e-02
7.090851184200000490e-02 4.977759890309999685e-02
7.035763700720000513e-02 5.481394956130000023e-02
6.479317095190000042e-02 3.518084738539999784e-02
6.066273034880000081e-02 3.191793431590000257e-02
5.566256015459999928e-02 2.989495698070000068e-02
5.026654589570000303e-02 2.899067894790000044e-02
4.506443122260000295e-02 2.949582088660000073e-02
3.995742270179999944e-02 3.149720847140000113e-02
2.902491346090000160e-02 4.116926384899999986e-02
2.874528350720000069e-02 5.046024167250000303e-02
2.960200050490000012e-02 5.538457350179999683e-02
3.158997091690000231e-02 6.028665868070000322e-02
3.477450820559999795e-02 6.459002900099999889e-02
3.917008946779999834e-02 6.796838622339999858e-02
4.427131006300000227e-02 7.004406683819999757e-02
4.974521766730000127e-02 7.095991136460000348e-02
5.512806218940000114e-02 7.040497881030000071e-02
6.041960415279999663e-02 6.839360047610000548e-02
6.508134521540000217e-02 6.465465894770000554e-02
6.841102076829999601e-02 5.985163550590000270e-02
2.717216290520000146e-02 3.706380616280000040e-02
3.083011604540000089e-02 3.311044249600000183e-02
2.862467230689999878e-02 4.559929572000000209e-02
2.415343412230000139e-02 4.198292776169999796e-02
3.520495845080000297e-02 2.929959571969999871e-02
2.435059743180000014e-02 4.816464113930000318e-02
2.543820170390000135e-02 3.183885461790000176e-02
2.482343474079999959e-02 5.352259999100000137e-02
6.923789392899999673e-02 3.484347844610000133e-02
6.598187287579999893e-02 2.962026409280000064e-02
7.352509206589999402e-02 3.911459621599999714e-02
7.467857653749999935e-02 4.595352231799999798e-02
7.514667261459999359e-02 5.188664587120000310e-02
7.407161553020000233e-02 5.808489526180000279e-02
7.085106453700000528e-02 6.444873205439999309e-02
6.000450460500000166e-02 2.702470520880000115e-02
5.435761618090000080e-02 2.517190398649999869e-02
4.825366384049999818e-02 2.461469286100000098e-02
4.107574515219999944e-02 2.532262812299999888e-02
2.607482256449999980e-02 5.877142362389999736e-02
2.879580650960000127e-02 6.442310366579999392e-02
3.341804284179999973e-02 7.027771820979999973e-02
3.990972105329999853e-02 7.299867236269999560e-02
4.567943269259999717e-02 7.474160982209999970e-02
5.172382576489999856e-02 7.535250936289999979e-02
5.837533495310000264e-02 7.429461332780000482e-02
6.638248552950000436e-02 7.114832927349999669e-02
2.128451659629999881e-02 3.618093233229999900e-02
2.961297897009999847e-02 2.759691604719999997e-02
1.961297399369999958e-02 5.150823409549999676e-02
7.377394991810000413e-02 3.121989362179999894e-02
7.989335310669999635e-02 4.803314012059999721e-02
7.889550104110000517e-02 6.199869011950000230e-02
5.939019976340000062e-02 2.148874274540000032e-02
4.579228778549999934e-02 1.903820741119999910e-02
2.056107899950000012e-02 5.695926764249999857e-02
2.513236086620000004e-02 6.943651584139999555e-02
4.071007685559999839e-02 7.869889101829999345e-02
5.420284798350000210e-02 8.079164865089999426e-02
1.685042090079999846e-02 4.158714560369999869e-02
3.434512034710000133e-02 2.323818279940000064e-02
1.960706325629999955e-02 2.983090643810000150e-02
2.429927178990000033e-02 2.656035541430000133e-02
1.953613936700000081e-02 4.647714031479999869e-02
6.969073339940000389e-02 2.421190040889999867e-02
7.842114828240000224e-02 4.271085036600000273e-02
8.078279084669999499e-02 5.452376069570000205e-02
7.560071135479999593e-02 6.955777753990000090e-02
5.319661853780000005e-02 1.947715323360000098e-02
6.397204830640000617e-02 2.405442913170000030e-02
3.894017788060000207e-02 1.998276330010000101e-02
2.123621347610000001e-02 6.259002574499999971e-02
3.008748468810000173e-02 7.603467803819999316e-02
4.688354476590000236e-02 8.046308066429999628e-02
3.599637192740000324e-02 7.613917465630000436e-02
6.256201066050000315e-02 8.026354528930000620e-02
1.435242751969999925e-02 3.495180592890000104e-02
2.758805164710000091e-02 2.144213982449999847e-02
1.550958256770000078e-02 5.515006485860000224e-02
1.271327038649999915e-02 4.914275297379999685e-02
7.788028757310000438e-02 2.389788402599999848e-02
8.412437324179999898e-02 4.299656640059999757e-02
8.641006663469999460e-02 5.019423164780000002e-02
8.446175324990000399e-02 6.729379067759999611e-02
5.934431883949999736e-02 1.502148264009999998e-02
6.540841937180000287e-02 1.886585596639999904e-02
4.220776950320000165e-02 1.091912110569999948e-02
1.610944665449999882e-02 6.021325754120000068e-02
2.174304023539999978e-02 7.611866676320000469e-02
4.077758110159999949e-02 8.507993260420000647e-02
3.457531120170000138e-02 8.128296849030000604e-02
5.714145294490000082e-02 8.967794229910000525e-02
8.656498224659999255e-03 4.126907424580000122e-02
3.364880998159999748e-02 1.578505378189999989e-02
1.273682873939999995e-02 2.756502456519999839e-02
1.929065975270000122e-02 2.195195322959999848e-02
7.285487792950000319e-02 1.723305149519999829e-02
8.153788018070000365e-02 3.033109362950000068e-02
7.997072102730000409e-02 3.693753678159999998e-02
8.785840227520000378e-02 5.828617417009999968e-02
8.131352449100000268e-02 7.532151693079999766e-02
5.181258032520000278e-02 1.181004422389999968e-02
1.480668103519999952e-02 6.762694227519999712e-02
2.692689028429999867e-02 8.294603736220000634e-02
4.820750419730000097e-02 8.811389252729999455e-02
6.799943998879999507e-02 8.911286335930000690e-02
6.979237401049999748e-03 3.327775238829999704e-02
2.430505270190000053e-02 1.110713422849999958e-02
8.439825750889999242e-03 5.885276891429999657e-02
8.194605839450000428e-02 1.594098489430000043e-02
8.784562859460000317e-02 2.447024530809999848e-02
9.209873428159999487e-02 4.510229963310000145e-02
9.370274605589999639e-02 5.222344886679999854e-02
9.054752759379999794e-02 7.291665412810000024e-02
7.179335868109999741e-02 7.722256927180000396e-02
5.941347663470000068e-02 7.248468131479999729e-03
6.719833799249999573e-02 1.118552937680000053e-02
4.086775217960000178e-02 9.294980359410000281e-02
3.286662759549999896e-02 8.889949317400000495e-02
5.996280752830000262e-03 2.605046210899999992e-02
9.834222941199999984e-03 1.986755532149999878e-02
8.844188247489999377e-02 3.525222045560000295e-02
7.612179639730000044e-03 7.588374078090000252e-02
8.758626470980000051e-03 8.462566103959999475e-02
1.466412690259999950e-02 9.223872852419999491e-02
2.386545122369999883e-02 9.129252969670000051e-02
7.635730149750000195e-02 9.276671892120000318e-02
8.576819652150000084e-02 9.107575954589999800e-02
9.322995931409999715e-02 8.740003691669999408e-02
9.255485274359999404e-02 6.568193117749999976e-02
9.142464099239999697e-02 1.403069955840000049e-02
8.546042759609999429e-02 7.372345718159999985e-03
7.621048768110000315e-02 8.641683260119999155e-03
3.453453397290000282e-02 7.929056021469999688e-03
1.408509860559999972e-02 7.140844029419999781e-03
1.842342676119999856e-02 8.404788801069999760e-02
8.758917147570000061e-02 8.128203191669999828e-02
7.814195613789999550e-02 8.385926773349999808e-02
1.497628642250000038e-02 1.456226979209999939e-02
1.449559069249999922e-02 7.716610058969999852e-02
7.366398111129999864e-03 1.274386215159999981e-02
6.290299343350000405e-03 5.976941236209999848e-03
9.337382591479999328e-02 6.332076524579999949e-03
9.379963116709999493e-02 9.369515929249999653e-02
6.684550674709999717e-03 9.337287791279999527e-02
