1   1   1   1   0   1     21    20    19    19
2   1   1   1   0   1     21     3    20    20
3   1   1   1   0   1     24    22     7     7
4   1   1   1   0   1     24    18    22    22
5   1   1   1   0   1     25    23    17    17
6   1   1   1   0   1     25    13    23    23
7   1   1   1   0   1     11    25    17    17
8   1   1   1   0   1     25    10    13    13
9   1   1   1   0   1     11    10    25    25
10   1   1   1   0   1     18    24     9     9
11   1   1   1   0   1     24     6     9     9
12   1   1   1   0   1      7     6    24    24
13   1   1   1   0   1     17    23    14    14
14   1   1   1   0   1     23    12    14    14
15   1   1   1   0   1     13    12    23    23
16   1   1   1   0   1      5    22    18    18
17   1   1   1   0   1     22     2     7     7
18   1   1   1   0   1      5     2    22    22
19   1   1   1   0   1     16    21    19    19
20   1   1   1   0   1     21     1     3     3
21   1   1   1   0   1     16     1    21    21
22   1   1   1   0   1      8    19    20    20
23   1   1   1   0   1      4    18    20    20
24   1   1   1   0   1     15    19    17    17
25   1   1   1   0   1     18     8    20    20
26   1   1   1   0   1      8    17    19    19
27   1   1   1   0   1      3     4    20    20
28   1   1   1   0   1      4     5    18    18
29   1   1   1   0   1     14    15    17    17
30   1   1   1   0   1     15    16    19    19
31   1   1   1   0   1      9     8    18    18
32   1   1   1   0   1      8    11    17    17

