187 216 186
187 255 216
255 246 216
255 278 246
221 251 238
221 250 251
190 220 204
190 219 220
197 243 212
197 229 243
243 229 280
280 264 263
280 276 264
224 254 241
224 270 254
236 248 218
236 279 248
218 248 234
223 240 207
223 253 240
170 191 169
170 205 191
166 164 163
166 204 164
278 268 267
278 277 268
245 230 214
245 258 230
234 227 211
234 274 227
242 225 209
242 256 225
20 277 254
20 269 277
7 256 242
7 8 256
27 258 245
27 28 258
34 249 243
34 35 249
124 163 149
124 125 163
243 249 228
282 281 40
282 275 281
283 272 11
283 271 272
284 269 21
284 268 269
285 265 31
285 264 265
9 256 8
9 257 256
29 258 28
29 259 258
39 281 261
39 40 281
264 285 32
285 22 32
31 22 285
268 284 23
284 12 23
21 12 284
271 283 13
283 2 13
11 2 283
275 282 3
282 1 3
40 1 282
245 232 27
242 227 7
279 275 248
279 281 275
272 271 250
267 246 278
259 266 244
266 265 276
265 264 276
263 243 280
279 261 281
241 277 278
277 269 268
270 224 240
262 251 15
251 250 271
250 273 272
237 257 273
229 276 280
276 244 266
275 4 248
5 274 248
274 6 227
9 273 257
10 272 273
271 14 251
16 252 262
18 270 240
270 19 254
24 267 268
267 25 246
29 266 259
30 265 266
33 263 264
263 34 243
236 261 279
260 247 38
231 259 244
258 259 230
225 256 257
255 241 278
241 254 277
240 253 18
252 222 262
238 251 262
250 237 273
237 226 257
220 249 36
234 248 274
247 233 37
233 220 36
232 246 26
229 244 276
213 231 244
222 239 262
187 208 255
3 4 275
4 5 248
5 6 274
6 7 227
9 10 273
10 11 272
13 14 271
14 15 251
15 16 262
16 17 252
252 253 223
17 253 252
17 18 253
18 19 270
19 20 254
20 21 269
23 24 268
24 25 267
25 26 246
26 27 232
29 30 266
30 31 265
32 33 264
33 34 263
35 36 249
36 37 233
37 38 247
260 261 235
260 39 261
38 39 260
239 238 262
236 235 261
235 247 260
231 230 259
245 214 199
226 225 257
242 209 195
208 241 255
207 240 193
223 222 252
239 171 191
191 238 239
221 237 250
237 205 226
220 219 249
219 228 249
202 235 236
235 217 247
217 233 247
233 200 220
199 232 245
232 216 246
198 230 231
229 213 244
213 215 231
228 212 243
195 227 242
211 201 234
194 225 226
208 224 241
224 193 240
192 222 223
222 206 239
206 171 239
191 221 238
221 205 237
205 210 226
219 196 228
218 203 236
203 202 236
202 217 235
201 218 234
217 200 233
200 204 220
199 216 232
183 215 182
215 198 231
198 214 230
214 184 185
197 213 229
213 182 215
196 212 228
212 180 181
195 211 227
211 179 201
176 210 170
210 194 226
194 209 225
209 177 178
175 208 187
208 193 224
173 207 174
207 192 223
192 206 222
206 172 171
191 205 221
205 170 210
190 196 219
189 203 218
167 202 203
202 188 217
165 201 179
201 189 218
188 200 217
200 164 204
185 199 214
199 186 216
183 198 215
198 184 214
181 197 212
197 182 213
196 180 212
178 195 209
195 179 211
176 194 210
194 177 209
175 193 208
193 174 207
173 192 207
192 172 206
166 190 204
190 168 196
189 167 203
167 188 202
165 189 201
188 164 200
185 186 199
183 184 198
181 182 197
168 180 196
178 179 195
176 177 194
175 174 193
173 172 192
171 169 191
148 165 179
166 168 190
162 167 189
167 161 188
165 162 189
161 164 188
159 160 175
158 187 186
187 159 175
158 159 187
157 158 186
156 185 184
185 157 186
156 157 185
155 156 184
154 183 182
183 155 184
154 155 183
153 154 182
152 181 180
181 153 182
152 153 181
151 152 180
168 151 180
150 151 168
147 148 179
146 178 177
178 147 179
146 147 178
145 146 177
144 176 170
176 145 177
144 145 176
143 144 170
160 174 175
174 142 173
160 142 174
142 141 173
141 172 173
172 140 171
141 140 172
140 139 171
139 169 171
169 143 170
139 143 169
148 138 165
149 163 164
166 150 168
162 161 167
163 150 166
138 162 165
137 161 162
161 149 164
159 135 160
158 134 159
157 133 158
156 132 157
155 131 156
154 130 155
153 129 154
152 128 153
151 127 152
125 150 163
150 126 151
138 137 162
137 149 161
147 121 148
146 120 147
145 119 146
144 118 145
143 117 144
136 142 160
115 141 142
114 140 141
113 139 140
139 116 143
135 136 160
134 135 159
133 134 158
132 133 157
131 132 156
130 131 155
129 130 154
128 129 153
127 128 152
126 127 151
125 126 150
122 138 148
123 137 138
137 124 149
121 122 148
120 121 147
119 120 146
118 119 145
117 118 144
116 117 143
136 115 142
115 114 141
114 113 140
113 116 139
135 111 136
134 110 135
133 109 134
132 108 133
131 107 132
130 106 131
129 105 130
128 104 129
127 103 128
126 102 127
125 101 126
124 100 125
122 123 138
123 124 137
121 97 122
120 96 121
119 95 120
118 94 119
117 93 118
116 92 117
112 115 136
90 114 115
89 113 114
113 91 116
111 112 136
110 111 135
109 110 134
108 109 133
107 108 132
106 107 131
105 106 130
104 105 129
103 104 128
102 103 127
101 102 126
100 101 125
99 100 124
98 123 122
123 99 124
98 99 123
97 98 122
96 97 121
95 96 120
94 95 119
93 94 118
92 93 117
91 92 116
112 90 115
90 89 114
89 91 113
111 87 112
110 86 111
109 85 110
108 84 109
107 83 108
106 82 107
105 81 106
104 80 105
103 79 104
102 78 103
101 77 102
100 76 101
99 75 100
98 74 99
97 73 98
96 72 97
95 71 96
94 70 95
93 69 94
92 68 93
91 67 92
88 90 112
65 89 90
89 66 91
87 88 112
86 87 111
85 86 110
84 85 109
83 84 108
82 83 107
81 82 106
80 81 105
79 80 104
78 79 103
77 78 102
76 77 101
75 76 100
74 75 99
73 74 98
72 73 97
71 72 96
70 71 95
69 70 94
68 69 93
67 68 92
66 67 91
88 65 90
65 66 89
87 49 88
86 50 87
85 51 86
84 52 85
83 53 84
82 41 83
81 43 82
80 44 81
79 45 80
78 46 79
77 47 78
76 42 77
75 60 76
74 61 75
73 62 74
72 63 73
71 64 72
70 54 71
69 55 70
68 56 69
67 57 68
66 58 67
48 65 88
65 59 66
49 48 88
50 49 87
51 50 86
52 51 85
53 52 84
41 53 83
43 41 82
44 43 81
45 44 80
46 45 79
47 46 78
42 47 77
60 42 76
61 60 75
62 61 74
63 62 73
64 63 72
54 64 71
55 54 70
56 55 69
57 56 68
58 57 67
59 58 66
48 59 65
