       1   1   1   1   0   1    187   216   186   186
       2   1   1   1   0   1    187   255   216   216
       3   1   1   1   0   1    255   246   216   216
       4   1   1   1   0   1    255   278   246   246
       5   1   1   1   0   1    221   251   238   238
       6   1   1   1   0   1    221   250   251   251
       7   1   1   1   0   1    190   220   204   204
       8   1   1   1   0   1    190   219   220   220
       9   1   1   1   0   1    197   243   212   212
      10   1   1   1   0   1    197   229   243   243
      11   1   1   1   0   1    243   229   280   280
      12   1   1   1   0   1    280   264   263   263
      13   1   1   1   0   1    280   276   264   264
      14   1   1   1   0   1    224   254   241   241
      15   1   1   1   0   1    224   270   254   254
      16   1   1   1   0   1    236   248   218   218
      17   1   1   1   0   1    236   279   248   248
      18   1   1   1   0   1    218   248   234   234
      19   1   1   1   0   1    223   240   207   207
      20   1   1   1   0   1    223   253   240   240
      21   1   1   1   0   1    170   191   169   169
      22   1   1   1   0   1    170   205   191   191
      23   1   1   1   0   1    166   164   163   163
      24   1   1   1   0   1    166   204   164   164
      25   1   1   1   0   1    278   268   267   267
      26   1   1   1   0   1    278   277   268   268
      27   1   1   1   0   1    245   230   214   214
      28   1   1   1   0   1    245   258   230   230
      29   1   1   1   0   1    234   227   211   211
      30   1   1   1   0   1    234   274   227   227
      31   1   1   1   0   1    242   225   209   209
      32   1   1   1   0   1    242   256   225   225
      33   1   1   1   0   1     20   277   254   254
      34   1   1   1   0   1     20   269   277   277
      35   1   1   1   0   1      7   256   242   242
      36   1   1   1   0   1      7     8   256   256
      37   1   1   1   0   1     27   258   245   245
      38   1   1   1   0   1     27    28   258   258
      39   1   1   1   0   1     34   249   243   243
      40   1   1   1   0   1     34    35   249   249
      41   1   1   1   0   1    124   163   149   149
      42   1   1   1   0   1    124   125   163   163
      43   1   1   1   0   1    243   249   228   228
      44   1   1   1   0   1    282   281    40    40
      45   1   1   1   0   1    282   275   281   281
      46   1   1   1   0   1    283   272    11    11
      47   1   1   1   0   1    283   271   272   272
      48   1   1   1   0   1    284   269    21    21
      49   1   1   1   0   1    284   268   269   269
      50   1   1   1   0   1    285   265    31    31
      51   1   1   1   0   1    285   264   265   265
      52   1   1   1   0   1      9   256     8     8
      53   1   1   1   0   1      9   257   256   256
      54   1   1   1   0   1     29   258    28    28
      55   1   1   1   0   1     29   259   258   258
      56   1   1   1   0   1     39   281   261   261
      57   1   1   1   0   1     39    40   281   281
      58   1   1   1   0   1    264   285    32    32
      59   1   1   1   0   1    285    22    32    32
      60   1   1   1   0   1     31    22   285   285
      61   1   1   1   0   1    268   284    23    23
      62   1   1   1   0   1    284    12    23    23
      63   1   1   1   0   1     21    12   284   284
      64   1   1   1   0   1    271   283    13    13
      65   1   1   1   0   1    283     2    13    13
      66   1   1   1   0   1     11     2   283   283
      67   1   1   1   0   1    275   282     3     3
      68   1   1   1   0   1    282     1     3     3
      69   1   1   1   0   1     40     1   282   282
      70   1   1   1   0   1    245   232    27    27
      71   1   1   1   0   1    242   227     7     7
      72   1   1   1   0   1    279   275   248   248
      73   1   1   1   0   1    279   281   275   275
      74   1   1   1   0   1    272   271   250   250
      75   1   1   1   0   1    267   246   278   278
      76   1   1   1   0   1    259   266   244   244
      77   1   1   1   0   1    266   265   276   276
      78   1   1   1   0   1    265   264   276   276
      79   1   1   1   0   1    263   243   280   280
      80   1   1   1   0   1    279   261   281   281
      81   1   1   1   0   1    241   277   278   278
      82   1   1   1   0   1    277   269   268   268
      83   1   1   1   0   1    270   224   240   240
      84   1   1   1   0   1    262   251    15    15
      85   1   1   1   0   1    251   250   271   271
      86   1   1   1   0   1    250   273   272   272
      87   1   1   1   0   1    237   257   273   273
      88   1   1   1   0   1    229   276   280   280
      89   1   1   1   0   1    276   244   266   266
      90   1   1   1   0   1    275     4   248   248
      91   1   1   1   0   1      5   274   248   248
      92   1   1   1   0   1    274     6   227   227
      93   1   1   1   0   1      9   273   257   257
      94   1   1   1   0   1     10   272   273   273
      95   1   1   1   0   1    271    14   251   251
      96   1   1   1   0   1     16   252   262   262
      97   1   1   1   0   1     18   270   240   240
      98   1   1   1   0   1    270    19   254   254
      99   1   1   1   0   1     24   267   268   268
     100   1   1   1   0   1    267    25   246   246
     101   1   1   1   0   1     29   266   259   259
     102   1   1   1   0   1     30   265   266   266
     103   1   1   1   0   1     33   263   264   264
     104   1   1   1   0   1    263    34   243   243
     105   1   1   1   0   1    236   261   279   279
     106   1   1   1   0   1    260   247    38    38
     107   1   1   1   0   1    231   259   244   244
     108   1   1   1   0   1    258   259   230   230
     109   1   1   1   0   1    225   256   257   257
     110   1   1   1   0   1    255   241   278   278
     111   1   1   1   0   1    241   254   277   277
     112   1   1   1   0   1    240   253    18    18
     113   1   1   1   0   1    252   222   262   262
     114   1   1   1   0   1    238   251   262   262
     115   1   1   1   0   1    250   237   273   273
     116   1   1   1   0   1    237   226   257   257
     117   1   1   1   0   1    220   249    36    36
     118   1   1   1   0   1    234   248   274   274
     119   1   1   1   0   1    247   233    37    37
     120   1   1   1   0   1    233   220    36    36
     121   1   1   1   0   1    232   246    26    26
     122   1   1   1   0   1    229   244   276   276
     123   1   1   1   0   1    213   231   244   244
     124   1   1   1   0   1    222   239   262   262
     125   1   1   1   0   1    187   208   255   255
     126   1   1   1   0   1      3     4   275   275
     127   1   1   1   0   1      4     5   248   248
     128   1   1   1   0   1      5     6   274   274
     129   1   1   1   0   1      6     7   227   227
     130   1   1   1   0   1      9    10   273   273
     131   1   1   1   0   1     10    11   272   272
     132   1   1   1   0   1     13    14   271   271
     133   1   1   1   0   1     14    15   251   251
     134   1   1   1   0   1     15    16   262   262
     135   1   1   1   0   1     16    17   252   252
     136   1   1   1   0   1    252   253   223   223
     137   1   1   1   0   1     17   253   252   252
     138   1   1   1   0   1     17    18   253   253
     139   1   1   1   0   1     18    19   270   270
     140   1   1   1   0   1     19    20   254   254
     141   1   1   1   0   1     20    21   269   269
     142   1   1   1   0   1     23    24   268   268
     143   1   1   1   0   1     24    25   267   267
     144   1   1   1   0   1     25    26   246   246
     145   1   1   1   0   1     26    27   232   232
     146   1   1   1   0   1     29    30   266   266
     147   1   1   1   0   1     30    31   265   265
     148   1   1   1   0   1     32    33   264   264
     149   1   1   1   0   1     33    34   263   263
     150   1   1   1   0   1     35    36   249   249
     151   1   1   1   0   1     36    37   233   233
     152   1   1   1   0   1     37    38   247   247
     153   1   1   1   0   1    260   261   235   235
     154   1   1   1   0   1    260    39   261   261
     155   1   1   1   0   1     38    39   260   260
     156   1   1   1   0   1    239   238   262   262
     157   1   1   1   0   1    236   235   261   261
     158   1   1   1   0   1    235   247   260   260
     159   1   1   1   0   1    231   230   259   259
     160   1   1   1   0   1    245   214   199   199
     161   1   1   1   0   1    226   225   257   257
     162   1   1   1   0   1    242   209   195   195
     163   1   1   1   0   1    208   241   255   255
     164   1   1   1   0   1    207   240   193   193
     165   1   1   1   0   1    223   222   252   252
     166   1   1   1   0   1    239   171   191   191
     167   1   1   1   0   1    191   238   239   239
     168   1   1   1   0   1    221   237   250   250
     169   1   1   1   0   1    237   205   226   226
     170   1   1   1   0   1    220   219   249   249
     171   1   1   1   0   1    219   228   249   249
     172   1   1   1   0   1    202   235   236   236
     173   1   1   1   0   1    235   217   247   247
     174   1   1   1   0   1    217   233   247   247
     175   1   1   1   0   1    233   200   220   220
     176   1   1   1   0   1    199   232   245   245
     177   1   1   1   0   1    232   216   246   246
     178   1   1   1   0   1    198   230   231   231
     179   1   1   1   0   1    229   213   244   244
     180   1   1   1   0   1    213   215   231   231
     181   1   1   1   0   1    228   212   243   243
     182   1   1   1   0   1    195   227   242   242
     183   1   1   1   0   1    211   201   234   234
     184   1   1   1   0   1    194   225   226   226
     185   1   1   1   0   1    208   224   241   241
     186   1   1   1   0   1    224   193   240   240
     187   1   1   1   0   1    192   222   223   223
     188   1   1   1   0   1    222   206   239   239
     189   1   1   1   0   1    206   171   239   239
     190   1   1   1   0   1    191   221   238   238
     191   1   1   1   0   1    221   205   237   237
     192   1   1   1   0   1    205   210   226   226
     193   1   1   1   0   1    219   196   228   228
     194   1   1   1   0   1    218   203   236   236
     195   1   1   1   0   1    203   202   236   236
     196   1   1   1   0   1    202   217   235   235
     197   1   1   1   0   1    201   218   234   234
     198   1   1   1   0   1    217   200   233   233
     199   1   1   1   0   1    200   204   220   220
     200   1   1   1   0   1    199   216   232   232
     201   1   1   1   0   1    183   215   182   182
     202   1   1   1   0   1    215   198   231   231
     203   1   1   1   0   1    198   214   230   230
     204   1   1   1   0   1    214   184   185   185
     205   1   1   1   0   1    197   213   229   229
     206   1   1   1   0   1    213   182   215   215
     207   1   1   1   0   1    196   212   228   228
     208   1   1   1   0   1    212   180   181   181
     209   1   1   1   0   1    195   211   227   227
     210   1   1   1   0   1    211   179   201   201
     211   1   1   1   0   1    176   210   170   170
     212   1   1   1   0   1    210   194   226   226
     213   1   1   1   0   1    194   209   225   225
     214   1   1   1   0   1    209   177   178   178
     215   1   1   1   0   1    175   208   187   187
     216   1   1   1   0   1    208   193   224   224
     217   1   1   1   0   1    173   207   174   174
     218   1   1   1   0   1    207   192   223   223
     219   1   1   1   0   1    192   206   222   222
     220   1   1   1   0   1    206   172   171   171
     221   1   1   1   0   1    191   205   221   221
     222   1   1   1   0   1    205   170   210   210
     223   1   1   1   0   1    190   196   219   219
     224   1   1   1   0   1    189   203   218   218
     225   1   1   1   0   1    167   202   203   203
     226   1   1   1   0   1    202   188   217   217
     227   1   1   1   0   1    165   201   179   179
     228   1   1   1   0   1    201   189   218   218
     229   1   1   1   0   1    188   200   217   217
     230   1   1   1   0   1    200   164   204   204
     231   1   1   1   0   1    185   199   214   214
     232   1   1   1   0   1    199   186   216   216
     233   1   1   1   0   1    183   198   215   215
     234   1   1   1   0   1    198   184   214   214
     235   1   1   1   0   1    181   197   212   212
     236   1   1   1   0   1    197   182   213   213
     237   1   1   1   0   1    196   180   212   212
     238   1   1   1   0   1    178   195   209   209
     239   1   1   1   0   1    195   179   211   211
     240   1   1   1   0   1    176   194   210   210
     241   1   1   1   0   1    194   177   209   209
     242   1   1   1   0   1    175   193   208   208
     243   1   1   1   0   1    193   174   207   207
     244   1   1   1   0   1    173   192   207   207
     245   1   1   1   0   1    192   172   206   206
     246   1   1   1   0   1    166   190   204   204
     247   1   1   1   0   1    190   168   196   196
     248   1   1   1   0   1    189   167   203   203
     249   1   1   1   0   1    167   188   202   202
     250   1   1   1   0   1    165   189   201   201
     251   1   1   1   0   1    188   164   200   200
     252   1   1   1   0   1    185   186   199   199
     253   1   1   1   0   1    183   184   198   198
     254   1   1   1   0   1    181   182   197   197
     255   1   1   1   0   1    168   180   196   196
     256   1   1   1   0   1    178   179   195   195
     257   1   1   1   0   1    176   177   194   194
     258   1   1   1   0   1    175   174   193   193
     259   1   1   1   0   1    173   172   192   192
     260   1   1   1   0   1    171   169   191   191
     261   1   1   1   0   1    148   165   179   179
     262   1   1   1   0   1    166   168   190   190
     263   1   1   1   0   1    162   167   189   189
     264   1   1   1   0   1    167   161   188   188
     265   1   1   1   0   1    165   162   189   189
     266   1   1   1   0   1    161   164   188   188
     267   1   1   1   0   1    159   160   175   175
     268   1   1   1   0   1    158   187   186   186
     269   1   1   1   0   1    187   159   175   175
     270   1   1   1   0   1    158   159   187   187
     271   1   1   1   0   1    157   158   186   186
     272   1   1   1   0   1    156   185   184   184
     273   1   1   1   0   1    185   157   186   186
     274   1   1   1   0   1    156   157   185   185
     275   1   1   1   0   1    155   156   184   184
     276   1   1   1   0   1    154   183   182   182
     277   1   1   1   0   1    183   155   184   184
     278   1   1   1   0   1    154   155   183   183
     279   1   1   1   0   1    153   154   182   182
     280   1   1   1   0   1    152   181   180   180
     281   1   1   1   0   1    181   153   182   182
     282   1   1   1   0   1    152   153   181   181
     283   1   1   1   0   1    151   152   180   180
     284   1   1   1   0   1    168   151   180   180
     285   1   1   1   0   1    150   151   168   168
     286   1   1   1   0   1    147   148   179   179
     287   1   1   1   0   1    146   178   177   177
     288   1   1   1   0   1    178   147   179   179
     289   1   1   1   0   1    146   147   178   178
     290   1   1   1   0   1    145   146   177   177
     291   1   1   1   0   1    144   176   170   170
     292   1   1   1   0   1    176   145   177   177
     293   1   1   1   0   1    144   145   176   176
     294   1   1   1   0   1    143   144   170   170
     295   1   1   1   0   1    160   174   175   175
     296   1   1   1   0   1    174   142   173   173
     297   1   1   1   0   1    160   142   174   174
     298   1   1   1   0   1    142   141   173   173
     299   1   1   1   0   1    141   172   173   173
     300   1   1   1   0   1    172   140   171   171
     301   1   1   1   0   1    141   140   172   172
     302   1   1   1   0   1    140   139   171   171
     303   1   1   1   0   1    139   169   171   171
     304   1   1   1   0   1    169   143   170   170
     305   1   1   1   0   1    139   143   169   169
     306   1   1   1   0   1    148   138   165   165
     307   1   1   1   0   1    149   163   164   164
     308   1   1   1   0   1    166   150   168   168
     309   1   1   1   0   1    162   161   167   167
     310   1   1   1   0   1    163   150   166   166
     311   1   1   1   0   1    138   162   165   165
     312   1   1   1   0   1    137   161   162   162
     313   1   1   1   0   1    161   149   164   164
     314   1   1   1   0   1    159   135   160   160
     315   1   1   1   0   1    158   134   159   159
     316   1   1   1   0   1    157   133   158   158
     317   1   1   1   0   1    156   132   157   157
     318   1   1   1   0   1    155   131   156   156
     319   1   1   1   0   1    154   130   155   155
     320   1   1   1   0   1    153   129   154   154
     321   1   1   1   0   1    152   128   153   153
     322   1   1   1   0   1    151   127   152   152
     323   1   1   1   0   1    125   150   163   163
     324   1   1   1   0   1    150   126   151   151
     325   1   1   1   0   1    138   137   162   162
     326   1   1   1   0   1    137   149   161   161
     327   1   1   1   0   1    147   121   148   148
     328   1   1   1   0   1    146   120   147   147
     329   1   1   1   0   1    145   119   146   146
     330   1   1   1   0   1    144   118   145   145
     331   1   1   1   0   1    143   117   144   144
     332   1   1   1   0   1    136   142   160   160
     333   1   1   1   0   1    115   141   142   142
     334   1   1   1   0   1    114   140   141   141
     335   1   1   1   0   1    113   139   140   140
     336   1   1   1   0   1    139   116   143   143
     337   1   1   1   0   1    135   136   160   160
     338   1   1   1   0   1    134   135   159   159
     339   1   1   1   0   1    133   134   158   158
     340   1   1   1   0   1    132   133   157   157
     341   1   1   1   0   1    131   132   156   156
     342   1   1   1   0   1    130   131   155   155
     343   1   1   1   0   1    129   130   154   154
     344   1   1   1   0   1    128   129   153   153
     345   1   1   1   0   1    127   128   152   152
     346   1   1   1   0   1    126   127   151   151
     347   1   1   1   0   1    125   126   150   150
     348   1   1   1   0   1    122   138   148   148
     349   1   1   1   0   1    123   137   138   138
     350   1   1   1   0   1    137   124   149   149
     351   1   1   1   0   1    121   122   148   148
     352   1   1   1   0   1    120   121   147   147
     353   1   1   1   0   1    119   120   146   146
     354   1   1   1   0   1    118   119   145   145
     355   1   1   1   0   1    117   118   144   144
     356   1   1   1   0   1    116   117   143   143
     357   1   1   1   0   1    136   115   142   142
     358   1   1   1   0   1    115   114   141   141
     359   1   1   1   0   1    114   113   140   140
     360   1   1   1   0   1    113   116   139   139
     361   1   1   1   0   1    135   111   136   136
     362   1   1   1   0   1    134   110   135   135
     363   1   1   1   0   1    133   109   134   134
     364   1   1   1   0   1    132   108   133   133
     365   1   1   1   0   1    131   107   132   132
     366   1   1   1   0   1    130   106   131   131
     367   1   1   1   0   1    129   105   130   130
     368   1   1   1   0   1    128   104   129   129
     369   1   1   1   0   1    127   103   128   128
     370   1   1   1   0   1    126   102   127   127
     371   1   1   1   0   1    125   101   126   126
     372   1   1   1   0   1    124   100   125   125
     373   1   1   1   0   1    122   123   138   138
     374   1   1   1   0   1    123   124   137   137
     375   1   1   1   0   1    121    97   122   122
     376   1   1   1   0   1    120    96   121   121
     377   1   1   1   0   1    119    95   120   120
     378   1   1   1   0   1    118    94   119   119
     379   1   1   1   0   1    117    93   118   118
     380   1   1   1   0   1    116    92   117   117
     381   1   1   1   0   1    112   115   136   136
     382   1   1   1   0   1     90   114   115   115
     383   1   1   1   0   1     89   113   114   114
     384   1   1   1   0   1    113    91   116   116
     385   1   1   1   0   1    111   112   136   136
     386   1   1   1   0   1    110   111   135   135
     387   1   1   1   0   1    109   110   134   134
     388   1   1   1   0   1    108   109   133   133
     389   1   1   1   0   1    107   108   132   132
     390   1   1   1   0   1    106   107   131   131
     391   1   1   1   0   1    105   106   130   130
     392   1   1   1   0   1    104   105   129   129
     393   1   1   1   0   1    103   104   128   128
     394   1   1   1   0   1    102   103   127   127
     395   1   1   1   0   1    101   102   126   126
     396   1   1   1   0   1    100   101   125   125
     397   1   1   1   0   1     99   100   124   124
     398   1   1   1   0   1     98   123   122   122
     399   1   1   1   0   1    123    99   124   124
     400   1   1   1   0   1     98    99   123   123
     401   1   1   1   0   1     97    98   122   122
     402   1   1   1   0   1     96    97   121   121
     403   1   1   1   0   1     95    96   120   120
     404   1   1   1   0   1     94    95   119   119
     405   1   1   1   0   1     93    94   118   118
     406   1   1   1   0   1     92    93   117   117
     407   1   1   1   0   1     91    92   116   116
     408   1   1   1   0   1    112    90   115   115
     409   1   1   1   0   1     90    89   114   114
     410   1   1   1   0   1     89    91   113   113
     411   1   1   1   0   1    111    87   112   112
     412   1   1   1   0   1    110    86   111   111
     413   1   1   1   0   1    109    85   110   110
     414   1   1   1   0   1    108    84   109   109
     415   1   1   1   0   1    107    83   108   108
     416   1   1   1   0   1    106    82   107   107
     417   1   1   1   0   1    105    81   106   106
     418   1   1   1   0   1    104    80   105   105
     419   1   1   1   0   1    103    79   104   104
     420   1   1   1   0   1    102    78   103   103
     421   1   1   1   0   1    101    77   102   102
     422   1   1   1   0   1    100    76   101   101
     423   1   1   1   0   1     99    75   100   100
     424   1   1   1   0   1     98    74    99    99
     425   1   1   1   0   1     97    73    98    98
     426   1   1   1   0   1     96    72    97    97
     427   1   1   1   0   1     95    71    96    96
     428   1   1   1   0   1     94    70    95    95
     429   1   1   1   0   1     93    69    94    94
     430   1   1   1   0   1     92    68    93    93
     431   1   1   1   0   1     91    67    92    92
     432   1   1   1   0   1     88    90   112   112
     433   1   1   1   0   1     65    89    90    90
     434   1   1   1   0   1     89    66    91    91
     435   1   1   1   0   1     87    88   112   112
     436   1   1   1   0   1     86    87   111   111
     437   1   1   1   0   1     85    86   110   110
     438   1   1   1   0   1     84    85   109   109
     439   1   1   1   0   1     83    84   108   108
     440   1   1   1   0   1     82    83   107   107
     441   1   1   1   0   1     81    82   106   106
     442   1   1   1   0   1     80    81   105   105
     443   1   1   1   0   1     79    80   104   104
     444   1   1   1   0   1     78    79   103   103
     445   1   1   1   0   1     77    78   102   102
     446   1   1   1   0   1     76    77   101   101
     447   1   1   1   0   1     75    76   100   100
     448   1   1   1   0   1     74    75    99    99
     449   1   1   1   0   1     73    74    98    98
     450   1   1   1   0   1     72    73    97    97
     451   1   1   1   0   1     71    72    96    96
     452   1   1   1   0   1     70    71    95    95
     453   1   1   1   0   1     69    70    94    94
     454   1   1   1   0   1     68    69    93    93
     455   1   1   1   0   1     67    68    92    92
     456   1   1   1   0   1     66    67    91    91
     457   1   1   1   0   1     88    65    90    90
     458   1   1   1   0   1     65    66    89    89
     459   1   1   1   0   1     87    49    88    88
     460   1   1   1   0   1     86    50    87    87
     461   1   1   1   0   1     85    51    86    86
     462   1   1   1   0   1     84    52    85    85
     463   1   1   1   0   1     83    53    84    84
     464   1   1   1   0   1     82    41    83    83
     465   1   1   1   0   1     81    43    82    82
     466   1   1   1   0   1     80    44    81    81
     467   1   1   1   0   1     79    45    80    80
     468   1   1   1   0   1     78    46    79    79
     469   1   1   1   0   1     77    47    78    78
     470   1   1   1   0   1     76    42    77    77
     471   1   1   1   0   1     75    60    76    76
     472   1   1   1   0   1     74    61    75    75
     473   1   1   1   0   1     73    62    74    74
     474   1   1   1   0   1     72    63    73    73
     475   1   1   1   0   1     71    64    72    72
     476   1   1   1   0   1     70    54    71    71
     477   1   1   1   0   1     69    55    70    70
     478   1   1   1   0   1     68    56    69    69
     479   1   1   1   0   1     67    57    68    68
     480   1   1   1   0   1     66    58    67    67
     481   1   1   1   0   1     48    65    88    88
     482   1   1   1   0   1     65    59    66    66
     483   1   1   1   0   1     49    48    88    88
     484   1   1   1   0   1     50    49    87    87
     485   1   1   1   0   1     51    50    86    86
     486   1   1   1   0   1     52    51    85    85
     487   1   1   1   0   1     53    52    84    84
     488   1   1   1   0   1     41    53    83    83
     489   1   1   1   0   1     43    41    82    82
     490   1   1   1   0   1     44    43    81    81
     491   1   1   1   0   1     45    44    80    80
     492   1   1   1   0   1     46    45    79    79
     493   1   1   1   0   1     47    46    78    78
     494   1   1   1   0   1     42    47    77    77
     495   1   1   1   0   1     60    42    76    76
     496   1   1   1   0   1     61    60    75    75
     497   1   1   1   0   1     62    61    74    74
     498   1   1   1   0   1     63    62    73    73
     499   1   1   1   0   1     64    63    72    72
     500   1   1   1   0   1     54    64    71    71
     501   1   1   1   0   1     55    54    70    70
     502   1   1   1   0   1     56    55    69    69
     503   1   1   1   0   1     57    56    68    68
     504   1   1   1   0   1     58    57    67    67
     505   1   1   1   0   1     59    58    66    66
     506   1   1   1   0   1     48    59    65    65
