1     0.00000000000       0.00000000000       0.00000000000    
2    0.100000000000       0.00000000000       0.00000000000    
3    0.100000000000E-01   0.00000000000       0.00000000000    
4    0.200000000000E-01   0.00000000000       0.00000000000    
5    0.300000000000E-01   0.00000000000       0.00000000000    
6    0.400000000000E-01   0.00000000000       0.00000000000    
7    0.500000000000E-01   0.00000000000       0.00000000000    
8    0.600000000000E-01   0.00000000000       0.00000000000    
9    0.700000000000E-01   0.00000000000       0.00000000000    
10    0.800000000000E-01   0.00000000000       0.00000000000    
11    0.900000000000E-01   0.00000000000       0.00000000000    
12    0.100000000000      0.100000000000       0.00000000000    
13    0.100000000000      0.100000000000E-01   0.00000000000    
14    0.100000000000      0.200000000000E-01   0.00000000000    
15    0.100000000000      0.300000000000E-01   0.00000000000    
16    0.100000000000      0.400000000000E-01   0.00000000000    
17    0.100000000000      0.500000000000E-01   0.00000000000    
18    0.100000000000      0.600000000000E-01   0.00000000000    
19    0.100000000000      0.700000000000E-01   0.00000000000    
20    0.100000000000      0.800000000000E-01   0.00000000000    
21    0.100000000000      0.900000000000E-01   0.00000000000    
22     0.00000000000      0.100000000000       0.00000000000    
23    0.900000000000E-01  0.100000000000       0.00000000000    
24    0.800000000000E-01  0.100000000000       0.00000000000    
25    0.700000000000E-01  0.100000000000       0.00000000000    
26    0.600000000000E-01  0.100000000000       0.00000000000    
27    0.500000000000E-01  0.100000000000       0.00000000000    
28    0.400000000000E-01  0.100000000000       0.00000000000    
29    0.300000000000E-01  0.100000000000       0.00000000000    
30    0.200000000000E-01  0.100000000000       0.00000000000    
31    0.100000000000E-01  0.100000000000       0.00000000000    
32     0.00000000000      0.900000000000E-01   0.00000000000    
33     0.00000000000      0.800000000000E-01   0.00000000000    
34     0.00000000000      0.700000000000E-01   0.00000000000    
35     0.00000000000      0.600000000000E-01   0.00000000000    
36     0.00000000000      0.500000000000E-01   0.00000000000    
37     0.00000000000      0.400000000000E-01   0.00000000000    
38     0.00000000000      0.300000000000E-01   0.00000000000    
39     0.00000000000      0.200000000000E-01   0.00000000000    
40     0.00000000000      0.100000000000E-01   0.00000000000    
41    0.500000000000E-01  0.600000000000E-01   0.00000000000    
42    0.400000000000E-01  0.500000000000E-01   0.00000000000    
43    0.474118095490E-01  0.596592582629E-01   0.00000000000    
44    0.449999999989E-01  0.586602540372E-01   0.00000000000    
45    0.429289321864E-01  0.570710678101E-01   0.00000000000    
46    0.413397459603E-01  0.549999999968E-01   0.00000000000    
47    0.403407417358E-01  0.525881904463E-01   0.00000000000    
48    0.600000000000E-01  0.500000000000E-01   0.00000000000    
49    0.596592582629E-01  0.525881904510E-01   0.00000000000    
50    0.586602540372E-01  0.550000000011E-01   0.00000000000    
51    0.570710678101E-01  0.570710678136E-01   0.00000000000    
52    0.549999999968E-01  0.586602540397E-01   0.00000000000    
53    0.525881904463E-01  0.596592582642E-01   0.00000000000    
54    0.500000000000E-01  0.400000000000E-01   0.00000000000    
55    0.525881904510E-01  0.403407417371E-01   0.00000000000    
56    0.550000000011E-01  0.413397459628E-01   0.00000000000    
57    0.570710678136E-01  0.429289321899E-01   0.00000000000    
58    0.586602540397E-01  0.450000000032E-01   0.00000000000    
59    0.596592582642E-01  0.474118095537E-01   0.00000000000    
60    0.403407417371E-01  0.474118095490E-01   0.00000000000    
61    0.413397459628E-01  0.449999999989E-01   0.00000000000    
62    0.429289321899E-01  0.429289321864E-01   0.00000000000    
63    0.450000000032E-01  0.413397459603E-01   0.00000000000    
64    0.474118095537E-01  0.403407417358E-01   0.00000000000    
65    0.619419158993E-01  0.484263507103E-01   0.00000000000    
66    0.611178325906E-01  0.453953106152E-01   0.00000000000    
67    0.595380602881E-01  0.426805696565E-01   0.00000000000    
68    0.573394039914E-01  0.404289465498E-01   0.00000000000    
69    0.546048940601E-01  0.388658872295E-01   0.00000000000    
70    0.515597486082E-01  0.381450161228E-01   0.00000000000    
71    0.484277748963E-01  0.380917170510E-01   0.00000000000    
72    0.454244280682E-01  0.389408428851E-01   0.00000000000    
73    0.426636985569E-01  0.404363961608E-01   0.00000000000    
74    0.404080372094E-01  0.426464101952E-01   0.00000000000    
75    0.387962559264E-01  0.453516934938E-01   0.00000000000    
76    0.380191338805E-01  0.483985437644E-01   0.00000000000    
77    0.380692512040E-01  0.515647697693E-01   0.00000000000    
78    0.389292257214E-01  0.545822401991E-01   0.00000000000    
79    0.404412945507E-01  0.573407469173E-01   0.00000000000    
80    0.427075608895E-01  0.594987725876E-01   0.00000000000    
81    0.454129566537E-01  0.610807147565E-01   0.00000000000    
82    0.484316145053E-01  0.619242353383E-01   0.00000000000    
83    0.515701474449E-01  0.619030342845E-01   0.00000000000    
84    0.545711899789E-01  0.610349981537E-01   0.00000000000    
85    0.573205127931E-01  0.595306181905E-01   0.00000000000    
86    0.595196447354E-01  0.572936460881E-01   0.00000000000    
87    0.611279399210E-01  0.546026052221E-01   0.00000000000    
88    0.619694482471E-01  0.515717294406E-01   0.00000000000    
89    0.639921727830E-01  0.462348213660E-01   0.00000000000    
90    0.644437280473E-01  0.499813021403E-01   0.00000000000    
91    0.626081275236E-01  0.427259321640E-01   0.00000000000    
92    0.602368035192E-01  0.397576676675E-01   0.00000000000    
93    0.572750319652E-01  0.373711285196E-01   0.00000000000    
94    0.537434389304E-01  0.360648272755E-01   0.00000000000    
95    0.500077839917E-01  0.356105198031E-01   0.00000000000    
96    0.462373851247E-01  0.359526267622E-01   0.00000000000    
97    0.428059002743E-01  0.374838296408E-01   0.00000000000    
98    0.397136402639E-01  0.397185703510E-01   0.00000000000    
99    0.372988698595E-01  0.426715145849E-01   0.00000000000    
100    0.358236901217E-01  0.462119734208E-01   0.00000000000    
101    0.353779182789E-01  0.500094744046E-01   0.00000000000    
102    0.359692740489E-01  0.537459807168E-01   0.00000000000    
103    0.374617111095E-01  0.572237701633E-01   0.00000000000    
104    0.397910681885E-01  0.601663315015E-01   0.00000000000    
105    0.427875849520E-01  0.624581185510E-01   0.00000000000    
106    0.462513466004E-01  0.639772540666E-01   0.00000000000    
107    0.499828254684E-01  0.644238107129E-01   0.00000000000    
108    0.537355108297E-01  0.639795455911E-01   0.00000000000    
109    0.572127783626E-01  0.624772785524E-01   0.00000000000    
110    0.601915144572E-01  0.601298824169E-01   0.00000000000    
111    0.625216135015E-01  0.571720000197E-01   0.00000000000    
112    0.640462638748E-01  0.537607506982E-01   0.00000000000    
113    0.661747598155E-01  0.432689469091E-01   0.00000000000    
114    0.672245623337E-01  0.476235264150E-01   0.00000000000    
115    0.674880051460E-01  0.522706342119E-01   0.00000000000    
116    0.639070270033E-01  0.393370115902E-01   0.00000000000    
117    0.607206916353E-01  0.360279794000E-01   0.00000000000    
118    0.567155173766E-01  0.339656048200E-01   0.00000000000    
119    0.523352304880E-01  0.327883130647E-01   0.00000000000    
120    0.477431259028E-01  0.326206185425E-01   0.00000000000    
121    0.434825328273E-01  0.338627235409E-01   0.00000000000    
122    0.394978179741E-01  0.361109928028E-01   0.00000000000    
123    0.361207364983E-01  0.391664618474E-01   0.00000000000    
124    0.330556663572E-01  0.430055087737E-01   0.00000000000    
125    0.323942964277E-01  0.478351055031E-01   0.00000000000    
126    0.326622016439E-01  0.523387088797E-01   0.00000000000    
127    0.338192767955E-01  0.566400186625E-01   0.00000000000    
128    0.361170026737E-01  0.605322957794E-01   0.00000000000    
129    0.393104585746E-01  0.637315160485E-01   0.00000000000    
130    0.432955496936E-01  0.661148989804E-01   0.00000000000    
131    0.476304196497E-01  0.671427591861E-01   0.00000000000    
132    0.522362684057E-01  0.673366131538E-01   0.00000000000    
133    0.566412068782E-01  0.661157773218E-01   0.00000000000    
134    0.605812183154E-01  0.637103034497E-01   0.00000000000    
135    0.638426779894E-01  0.603753529265E-01   0.00000000000    
136    0.661410219662E-01  0.565006308555E-01   0.00000000000    
137    0.319981971825E-01  0.381529739595E-01   0.00000000000    
138    0.355947934404E-01  0.345695015544E-01   0.00000000000    
139    0.681089570495E-01  0.393311401485E-01   0.00000000000    
140    0.701766813136E-01  0.441983024312E-01   0.00000000000    
141    0.709085118420E-01  0.497775989031E-01   0.00000000000    
142    0.703576370072E-01  0.548139495613E-01   0.00000000000    
143    0.647931709519E-01  0.351808473854E-01   0.00000000000    
144    0.606627303488E-01  0.319179343159E-01   0.00000000000    
145    0.556625601546E-01  0.298949569807E-01   0.00000000000    
146    0.502665458957E-01  0.289906789479E-01   0.00000000000    
147    0.450644312226E-01  0.294958208866E-01   0.00000000000    
148    0.399574227018E-01  0.314972084714E-01   0.00000000000    
149    0.290249134609E-01  0.411692638490E-01   0.00000000000    
150    0.287452835072E-01  0.504602416725E-01   0.00000000000    
151    0.296020005049E-01  0.553845735018E-01   0.00000000000    
152    0.315899709169E-01  0.602866586807E-01   0.00000000000    
153    0.347745082056E-01  0.645900290010E-01   0.00000000000    
154    0.391700894678E-01  0.679683862234E-01   0.00000000000    
155    0.442713100630E-01  0.700440668382E-01   0.00000000000    
156    0.497452176673E-01  0.709599113646E-01   0.00000000000    
157    0.551280621894E-01  0.704049788103E-01   0.00000000000    
158    0.604196041528E-01  0.683936004761E-01   0.00000000000    
159    0.650813452154E-01  0.646546589477E-01   0.00000000000    
160    0.684110207683E-01  0.598516355059E-01   0.00000000000    
161    0.271721629052E-01  0.370638061628E-01   0.00000000000    
162    0.308301160454E-01  0.331104424960E-01   0.00000000000    
163    0.286246723069E-01  0.455992957200E-01   0.00000000000    
164    0.241534341223E-01  0.419829277617E-01   0.00000000000    
165    0.352049584508E-01  0.292995957197E-01   0.00000000000    
166    0.243505974318E-01  0.481646411393E-01   0.00000000000    
167    0.254382017039E-01  0.318388546179E-01   0.00000000000    
168    0.248234347408E-01  0.535225999910E-01   0.00000000000    
169    0.692378939290E-01  0.348434784461E-01   0.00000000000    
170    0.659818728758E-01  0.296202640928E-01   0.00000000000    
171    0.735250920659E-01  0.391145962160E-01   0.00000000000    
172    0.746785765375E-01  0.459535223180E-01   0.00000000000    
173    0.751466726146E-01  0.518866458712E-01   0.00000000000    
174    0.740716155302E-01  0.580848952618E-01   0.00000000000    
175    0.708510645370E-01  0.644487320544E-01   0.00000000000    
176    0.600045046050E-01  0.270247052088E-01   0.00000000000    
177    0.543576161809E-01  0.251719039865E-01   0.00000000000    
178    0.482536638405E-01  0.246146928610E-01   0.00000000000    
179    0.410757451522E-01  0.253226281230E-01   0.00000000000    
180    0.260748225645E-01  0.587714236239E-01   0.00000000000    
181    0.287958065096E-01  0.644231036658E-01   0.00000000000    
182    0.334180428418E-01  0.702777182098E-01   0.00000000000    
183    0.399097210533E-01  0.729986723627E-01   0.00000000000    
184    0.456794326926E-01  0.747416098221E-01   0.00000000000    
185    0.517238257649E-01  0.753525093629E-01   0.00000000000    
186    0.583753349531E-01  0.742946133278E-01   0.00000000000    
187    0.663824855295E-01  0.711483292735E-01   0.00000000000    
188    0.212845165963E-01  0.361809323323E-01   0.00000000000    
189    0.296129789701E-01  0.275969160472E-01   0.00000000000    
190    0.196129739937E-01  0.515082340955E-01   0.00000000000    
191    0.737739499181E-01  0.312198936218E-01   0.00000000000    
192    0.798933531067E-01  0.480331401206E-01   0.00000000000    
193    0.788955010411E-01  0.619986901195E-01   0.00000000000    
194    0.593901997634E-01  0.214887427454E-01   0.00000000000    
195    0.457922877855E-01  0.190382074112E-01   0.00000000000    
196    0.205610789995E-01  0.569592676425E-01   0.00000000000    
197    0.251323608662E-01  0.694365158414E-01   0.00000000000    
198    0.407100768556E-01  0.786988910183E-01   0.00000000000    
199    0.542028479835E-01  0.807916486509E-01   0.00000000000    
200    0.168504209008E-01  0.415871456037E-01   0.00000000000    
201    0.343451203471E-01  0.232381827994E-01   0.00000000000    
202    0.196070632563E-01  0.298309064381E-01   0.00000000000    
203    0.242992717899E-01  0.265603554143E-01   0.00000000000    
204    0.195361393670E-01  0.464771403148E-01   0.00000000000    
205    0.696907333994E-01  0.242119004089E-01   0.00000000000    
206    0.784211482824E-01  0.427108503660E-01   0.00000000000    
207    0.807827908467E-01  0.545237606957E-01   0.00000000000    
208    0.756007113548E-01  0.695577775399E-01   0.00000000000    
209    0.531966185378E-01  0.194771532336E-01   0.00000000000    
210    0.639720483064E-01  0.240544291317E-01   0.00000000000    
211    0.389401778806E-01  0.199827633001E-01   0.00000000000    
212    0.212362134761E-01  0.625900257450E-01   0.00000000000    
213    0.300874846881E-01  0.760346780382E-01   0.00000000000    
214    0.468835447659E-01  0.804630806643E-01   0.00000000000    
215    0.359963719274E-01  0.761391746563E-01   0.00000000000    
216    0.625620106605E-01  0.802635452893E-01   0.00000000000    
217    0.143524275197E-01  0.349518059289E-01   0.00000000000    
218    0.275880516471E-01  0.214421398245E-01   0.00000000000    
219    0.155095825677E-01  0.551500648586E-01   0.00000000000    
220    0.127132703865E-01  0.491427529738E-01   0.00000000000    
221    0.778802875731E-01  0.238978840260E-01   0.00000000000    
222    0.841243732418E-01  0.429965664006E-01   0.00000000000    
223    0.864100666347E-01  0.501942316478E-01   0.00000000000    
224    0.844617532499E-01  0.672937906776E-01   0.00000000000    
225    0.593443188395E-01  0.150214826401E-01   0.00000000000    
226    0.654084193718E-01  0.188658559664E-01   0.00000000000    
227    0.422077695032E-01  0.109191211057E-01   0.00000000000    
228    0.161094466545E-01  0.602132575412E-01   0.00000000000    
229    0.217430402354E-01  0.761186667632E-01   0.00000000000    
230    0.407775811016E-01  0.850799326042E-01   0.00000000000    
231    0.345753112017E-01  0.812829684903E-01   0.00000000000    
232    0.571414529449E-01  0.896779422991E-01   0.00000000000    
233    0.865649822466E-02  0.412690742458E-01   0.00000000000    
234    0.336488099816E-01  0.157850537819E-01   0.00000000000    
235    0.127368287394E-01  0.275650245652E-01   0.00000000000    
236    0.192906597527E-01  0.219519532296E-01   0.00000000000    
237    0.728548779295E-01  0.172330514952E-01   0.00000000000    
238    0.815378801807E-01  0.303310936295E-01   0.00000000000    
239    0.799707210273E-01  0.369375367816E-01   0.00000000000    
240    0.878584022752E-01  0.582861741701E-01   0.00000000000    
241    0.813135244910E-01  0.753215169308E-01   0.00000000000    
242    0.518125803252E-01  0.118100442239E-01   0.00000000000    
243    0.148066810352E-01  0.676269422752E-01   0.00000000000    
244    0.269268902843E-01  0.829460373622E-01   0.00000000000    
245    0.482075041973E-01  0.881138925273E-01   0.00000000000    
246    0.679994399888E-01  0.891128633593E-01   0.00000000000    
247    0.697923740105E-02  0.332777523883E-01   0.00000000000    
248    0.243050527019E-01  0.111071342285E-01   0.00000000000    
249    0.843982575089E-02  0.588527689143E-01   0.00000000000    
250    0.819460583945E-01  0.159409848943E-01   0.00000000000    
251    0.878456285946E-01  0.244702453081E-01   0.00000000000    
252    0.920987342816E-01  0.451022996331E-01   0.00000000000    
253    0.937027460559E-01  0.522234488668E-01   0.00000000000    
254    0.905475275938E-01  0.729166541281E-01   0.00000000000    
255    0.717933586811E-01  0.772225692718E-01   0.00000000000    
256    0.594134766347E-01  0.724846813148E-02   0.00000000000    
257    0.671983379925E-01  0.111855293768E-01   0.00000000000    
258    0.408677521796E-01  0.929498035941E-01   0.00000000000    
259    0.328666275955E-01  0.888994931740E-01   0.00000000000    
260    0.599628075283E-02  0.260504621090E-01   0.00000000000    
261    0.983422294120E-02  0.198675553215E-01   0.00000000000    
262    0.884418824749E-01  0.352522204556E-01   0.00000000000    
263    0.761217963973E-02  0.758837407809E-01   0.00000000000    
264    0.875862647098E-02  0.846256610396E-01   0.00000000000    
265    0.146641269026E-01  0.922387285242E-01   0.00000000000    
266    0.238654512237E-01  0.912925296967E-01   0.00000000000    
267    0.763573014975E-01  0.927667189212E-01   0.00000000000    
268    0.857681965215E-01  0.910757595459E-01   0.00000000000    
269    0.932299593141E-01  0.874000369167E-01   0.00000000000    
270    0.925548527436E-01  0.656819311775E-01   0.00000000000    
271    0.914246409924E-01  0.140306995584E-01   0.00000000000    
272    0.854604275961E-01  0.737234571816E-02   0.00000000000    
273    0.762104876811E-01  0.864168326012E-02   0.00000000000    
274    0.345345339729E-01  0.792905602147E-02   0.00000000000    
275    0.140850986056E-01  0.714084402942E-02   0.00000000000    
276    0.184234267612E-01  0.840478880107E-01   0.00000000000    
277    0.875891714757E-01  0.812820319167E-01   0.00000000000    
278    0.781419561379E-01  0.838592677335E-01   0.00000000000    
279    0.149762864225E-01  0.145622697921E-01   0.00000000000    
280    0.144955906925E-01  0.771661005897E-01   0.00000000000    
281    0.736639811113E-02  0.127438621516E-01   0.00000000000    
282    0.629029934335E-02  0.597694123621E-02   0.00000000000    
283    0.933738259148E-01  0.633207652458E-02   0.00000000000    
284    0.937996311671E-01  0.936951592925E-01   0.00000000000    
285    0.668455067471E-02  0.933728779128E-01   0.00000000000    

